{
 "cells": [
  {
   "cell_type": "code",
   "execution_count": 2,
   "metadata": {
    "collapsed": true
   },
   "outputs": [],
   "source": [
    "import numpy as np\n",
    "import matplotlib.pyplot as plt"
   ]
  },
  {
   "cell_type": "code",
   "execution_count": 23,
   "metadata": {},
   "outputs": [
    {
     "name": "stdout",
     "output_type": "stream",
     "text": [
      "X.shape: (275, 2)\n",
      "[[3 2]\n",
      " [3 2]\n",
      " [6 3]]\n",
      "[ 0.3  0.4  0.3]\n",
      "[[ 3.   0.5]\n",
      " [ 0.5  3. ]]\n",
      "(2, 2, 3)\n",
      "logL: -15.4299488773\n",
      "logL: -24.3025928748\n",
      "logL: -35.7490916848\n",
      "logL: -53.669455162\n",
      "logL: -62.249917974\n",
      "logL: -65.6744711572\n",
      "logL: -67.6537067336\n",
      "logL: -73.3832590658\n",
      "logL: -80.5332506825\n",
      "logL: -87.7254729785\n",
      "logL: -91.5734432055\n",
      "logL: -99.7171261338\n",
      "logL: -101.324219292\n",
      "logL: -102.860182733\n",
      "logL: -117.298025663\n",
      "logL: -119.864810362\n",
      "logL: -132.907343484\n",
      "logL: -139.278400936\n",
      "logL: -140.953467868\n",
      "logL: -144.781724383\n",
      "logL: -147.131213529\n",
      "logL: -149.229224074\n",
      "logL: -154.045027416\n",
      "logL: -156.382414461\n",
      "logL: -159.661351471\n",
      "logL: -161.283016513\n",
      "logL: -179.678359899\n",
      "logL: -183.514601691\n",
      "logL: -185.221195455\n",
      "logL: -190.569837431\n",
      "logL: -197.408714108\n",
      "logL: -203.710294658\n",
      "logL: -209.752061482\n",
      "logL: -212.203515466\n",
      "logL: -228.112100921\n",
      "logL: -241.078772692\n",
      "logL: -246.840338681\n",
      "logL: -249.25978612\n",
      "logL: -259.672765492\n",
      "logL: -261.792394551\n",
      "logL: -267.772982834\n",
      "logL: -272.749238313\n",
      "logL: -274.779094012\n",
      "logL: -281.195188797\n",
      "logL: -288.698838721\n",
      "logL: -292.401214231\n",
      "logL: -307.472911421\n",
      "logL: -314.744249237\n",
      "logL: -326.362610957\n",
      "logL: -330.88461475\n",
      "logL: -338.807356871\n",
      "logL: -343.6032194\n",
      "logL: -353.75826118\n",
      "logL: -362.013100797\n",
      "logL: -364.32638598\n",
      "logL: -367.572117141\n",
      "logL: -374.125745007\n",
      "logL: -377.29014233\n",
      "logL: -382.56890654\n",
      "logL: -386.001516375\n",
      "logL: -387.994228663\n",
      "logL: -395.731735713\n",
      "logL: -408.834048193\n",
      "logL: -414.911297981\n",
      "logL: -426.159385529\n",
      "logL: -428.594987817\n",
      "logL: -439.585825497\n",
      "logL: -442.579863083\n",
      "logL: -447.247284831\n",
      "logL: -454.628565252\n",
      "logL: -456.290906744\n",
      "logL: -461.608421743\n",
      "logL: -469.028756572\n",
      "logL: -478.929104498\n",
      "logL: -486.991951003\n",
      "logL: -496.770722918\n",
      "logL: -512.007499435\n",
      "logL: -514.886135959\n",
      "logL: -526.89174238\n",
      "logL: -528.785468017\n",
      "logL: -535.664907557\n",
      "logL: -542.341839534\n",
      "logL: -547.682605842\n",
      "logL: -556.242621087\n",
      "logL: -563.438426652\n",
      "logL: -569.135574847\n",
      "logL: -571.704114404\n",
      "logL: -585.817045662\n",
      "logL: -589.483756395\n",
      "logL: -595.401541327\n",
      "logL: -610.981310088\n",
      "logL: -613.901744378\n",
      "logL: -625.906062291\n",
      "logL: -629.67592004\n",
      "logL: -638.142238158\n",
      "logL: -649.748244048\n",
      "logL: -655.741204079\n",
      "logL: -667.517167926\n",
      "logL: -669.746348907\n",
      "logL: -671.789499117\n",
      "logL: -684.985592703\n",
      "logL: -698.837934131\n",
      "logL: -709.771403329\n",
      "logL: -723.726630387\n",
      "logL: -733.184991214\n",
      "logL: -737.189829405\n",
      "logL: -739.660110747\n",
      "logL: -756.464303471\n",
      "logL: -774.384998581\n",
      "logL: -779.034769665\n",
      "logL: -785.975607182\n",
      "logL: -800.079833249\n",
      "logL: -810.80094543\n",
      "logL: -814.59023911\n",
      "logL: -819.886187374\n",
      "logL: -831.583774364\n",
      "logL: -833.002782871\n",
      "logL: -835.591484752\n",
      "logL: -852.470148265\n",
      "logL: -854.602101129\n",
      "logL: -856.088185287\n",
      "logL: -859.515075994\n",
      "logL: -865.710105123\n",
      "logL: -874.335328929\n",
      "logL: -889.133896975\n",
      "logL: -890.713545548\n",
      "logL: -892.712803328\n",
      "logL: -896.905729384\n",
      "logL: -901.896838208\n",
      "logL: -914.313187721\n",
      "logL: -926.102138104\n",
      "logL: -937.081700417\n",
      "logL: -942.236185066\n",
      "logL: -954.497673111\n",
      "logL: -959.3732375\n",
      "logL: -964.003731225\n",
      "logL: -970.602149955\n",
      "logL: -980.477809518\n",
      "logL: -985.623093761\n",
      "logL: -990.124612279\n",
      "logL: -995.508163378\n",
      "logL: -996.950326308\n",
      "logL: -1003.87624113\n",
      "logL: -1013.63604301\n",
      "logL: -1019.20009455\n",
      "logL: -1028.26183179\n",
      "logL: -1030.5804184\n",
      "logL: -1039.3252405\n",
      "logL: -1054.59734943\n",
      "logL: -1071.7958199\n",
      "logL: -1074.32264489\n",
      "logL: -1081.59966018\n",
      "logL: -1086.94994709\n",
      "logL: -1103.10542076\n",
      "logL: -1112.47797395\n",
      "logL: -1114.82597772\n",
      "logL: -1116.84979759\n",
      "logL: -1121.62451609\n",
      "logL: -1134.39762115\n",
      "logL: -1143.43162005\n",
      "logL: -1147.83314476\n",
      "logL: -1153.26187375\n",
      "logL: -1156.04227895\n",
      "logL: -1160.93072861\n",
      "logL: -1162.80380194\n",
      "logL: -1165.85616115\n",
      "logL: -1175.43727243\n",
      "logL: -1197.25521639\n",
      "logL: -1203.15380843\n",
      "logL: -1213.03398583\n",
      "logL: -1224.32701958\n",
      "logL: -1226.93838085\n",
      "logL: -1229.11920226\n",
      "logL: -1230.63114797\n",
      "logL: -1248.40455559\n",
      "logL: -1251.35570497\n",
      "logL: -1254.33247086\n",
      "logL: -1260.11669258\n",
      "logL: -1265.3898337\n",
      "logL: -1274.75738819\n",
      "logL: -1285.64013042\n",
      "logL: -1295.24839652\n",
      "logL: -1307.56905615\n",
      "logL: -1315.93891464\n",
      "logL: -1323.37907669\n",
      "logL: -1335.71286673\n",
      "logL: -1341.89155267\n",
      "logL: -1345.67232567\n",
      "logL: -1348.49348333\n",
      "logL: -1353.33873719\n",
      "logL: -1359.92907955\n",
      "logL: -1361.4799995\n",
      "logL: -1363.60819921\n",
      "logL: -1374.36141736\n",
      "logL: -1381.03261775\n",
      "logL: -1396.76848416\n",
      "logL: -1402.13499748\n",
      "logL: -1410.34385813\n",
      "logL: -1422.17502616\n",
      "logL: -1424.04548184\n",
      "logL: -1428.53290388\n",
      "logL: -1431.93824239\n",
      "logL: -1437.84722484\n",
      "logL: -1440.23683612\n",
      "logL: -1442.71498411\n",
      "logL: -1449.56404627\n",
      "logL: -1453.35350851\n",
      "logL: -1471.63801687\n",
      "logL: -1481.20858897\n",
      "logL: -1489.4509891\n",
      "logL: -1494.85826218\n",
      "logL: -1506.56317106\n",
      "logL: -1509.27579303\n",
      "logL: -1518.92960682\n",
      "logL: -1529.43264379\n",
      "logL: -1532.15619622\n",
      "logL: -1540.08271435\n",
      "logL: -1541.57551884\n",
      "logL: -1546.69365263\n",
      "logL: -1549.21711101\n",
      "logL: -1556.85128501\n",
      "logL: -1569.73627113\n",
      "logL: -1571.98688527\n",
      "logL: -1575.75518154\n",
      "logL: -1579.15664104\n",
      "logL: -1585.05015919\n",
      "logL: -1598.62730274\n",
      "logL: -1605.68477112\n",
      "logL: -1619.7758159\n",
      "logL: -1624.95654574\n",
      "logL: -1629.2147284\n",
      "logL: -1635.5204045\n",
      "logL: -1641.26340801\n",
      "logL: -1651.77627418\n",
      "logL: -1654.78852651\n",
      "logL: -1656.29716412\n",
      "logL: -1669.55102403\n",
      "logL: -1672.83513368\n",
      "logL: -1677.60271844\n",
      "logL: -1686.61584662\n",
      "logL: -1692.43707927\n",
      "logL: -1695.6599756\n",
      "logL: -1709.93979797\n",
      "logL: -1721.18542657\n",
      "logL: -1738.20256077\n",
      "logL: -1742.16466249\n",
      "logL: -1746.45235306\n",
      "logL: -1750.88127852\n",
      "logL: -1767.24414452\n",
      "logL: -1779.43449611\n",
      "logL: -1783.97597576\n",
      "logL: -1791.88208766\n",
      "logL: -1801.28759303\n",
      "logL: -1804.7197887\n",
      "logL: -1815.15022046\n",
      "logL: -1830.41060386\n",
      "logL: -1831.89035183\n",
      "logL: -1841.27748041\n",
      "logL: -1856.194889\n",
      "logL: -1870.47352054\n",
      "logL: -1890.86709259\n",
      "logL: -1896.20794775\n",
      "logL: -1898.39919275\n",
      "logL: -1911.35713869\n",
      "logL: -1920.97847878\n",
      "logL: -1926.12758787\n",
      "logL: -1934.6754022\n",
      "logL: -1936.99117412\n",
      "logL: -1946.62781706\n",
      "logL: -1951.06663442\n",
      "logL: -1958.02808949\n",
      "logL: -1967.37523273\n",
      "logL: -1972.538356\n",
      "logL: -1976.40008312\n",
      "logL: -1978.59112846\n",
      "-1978.59112846\n",
      "logL: -15.4299488773\n",
      "logL: -24.3025928748\n",
      "logL: -35.7490916848\n",
      "logL: -53.669455162\n",
      "logL: -62.249917974\n",
      "logL: -65.6744711572\n",
      "logL: -67.6537067336\n",
      "logL: -73.3832590658\n",
      "logL: -80.5332506825\n",
      "logL: -87.7254729785\n",
      "logL: -91.5734432055\n",
      "logL: -99.7171261338\n",
      "logL: -101.324219292\n",
      "logL: -102.860182733\n",
      "logL: -117.298025663\n",
      "logL: -119.864810362\n",
      "logL: -132.907343484\n",
      "logL: -139.278400936\n",
      "logL: -140.953467868\n",
      "logL: -144.781724383\n",
      "logL: -147.131213529\n",
      "logL: -149.229224074\n",
      "logL: -154.045027416\n",
      "logL: -156.382414461\n",
      "logL: -159.661351471\n",
      "logL: -161.283016513\n",
      "logL: -179.678359899\n",
      "logL: -183.514601691\n",
      "logL: -185.221195455\n",
      "logL: -190.569837431\n",
      "logL: -197.408714108\n",
      "logL: -203.710294658\n",
      "logL: -209.752061482\n",
      "logL: -212.203515466\n",
      "logL: -228.112100921\n",
      "logL: -241.078772692\n",
      "logL: -246.840338681\n",
      "logL: -249.25978612\n",
      "logL: -259.672765492\n",
      "logL: -261.792394551\n",
      "logL: -267.772982834\n",
      "logL: -272.749238313\n",
      "logL: -274.779094012\n",
      "logL: -281.195188797\n",
      "logL: -288.698838721\n",
      "logL: -292.401214231\n",
      "logL: -307.472911421\n",
      "logL: -314.744249237\n",
      "logL: -326.362610957\n",
      "logL: -330.88461475\n",
      "logL: -338.807356871\n",
      "logL: -343.6032194\n",
      "logL: -353.75826118\n",
      "logL: -362.013100797\n",
      "logL: -364.32638598\n",
      "logL: -367.572117141\n",
      "logL: -374.125745007\n",
      "logL: -377.29014233\n",
      "logL: -382.56890654\n",
      "logL: -386.001516375\n",
      "logL: -387.994228663\n",
      "logL: -395.731735713\n",
      "logL: -408.834048193\n",
      "logL: -414.911297981\n",
      "logL: -426.159385529\n",
      "logL: -428.594987817\n",
      "logL: -439.585825497\n",
      "logL: -442.579863083\n",
      "logL: -447.247284831\n",
      "logL: -454.628565252\n",
      "logL: -456.290906744\n",
      "logL: -461.608421743\n",
      "logL: -469.028756572\n",
      "logL: -478.929104498\n",
      "logL: -486.991951003\n",
      "logL: -496.770722918\n",
      "logL: -512.007499435\n",
      "logL: -514.886135959\n",
      "logL: -526.89174238\n",
      "logL: -528.785468017\n",
      "logL: -535.664907557\n",
      "logL: -542.341839534\n",
      "logL: -547.682605842\n",
      "logL: -556.242621087\n",
      "logL: -563.438426652\n",
      "logL: -569.135574847\n",
      "logL: -571.704114404\n",
      "logL: -585.817045662\n",
      "logL: -589.483756395\n",
      "logL: -595.401541327\n",
      "logL: -610.981310088\n",
      "logL: -613.901744378\n",
      "logL: -625.906062291\n",
      "logL: -629.67592004\n",
      "logL: -638.142238158\n",
      "logL: -649.748244048\n",
      "logL: -655.741204079\n",
      "logL: -667.517167926\n",
      "logL: -669.746348907\n",
      "logL: -671.789499117\n",
      "logL: -684.985592703\n",
      "logL: -698.837934131\n",
      "logL: -709.771403329\n",
      "logL: -723.726630387\n",
      "logL: -733.184991214\n",
      "logL: -737.189829405\n",
      "logL: -739.660110747\n",
      "logL: -756.464303471\n",
      "logL: -774.384998581\n",
      "logL: -779.034769665\n",
      "logL: -785.975607182\n",
      "logL: -800.079833249\n",
      "logL: -810.80094543\n",
      "logL: -814.59023911\n",
      "logL: -819.886187374\n",
      "logL: -831.583774364\n",
      "logL: -833.002782871\n",
      "logL: -835.591484752\n",
      "logL: -852.470148265\n",
      "logL: -854.602101129\n",
      "logL: -856.088185287\n",
      "logL: -859.515075994\n",
      "logL: -865.710105123\n",
      "logL: -874.335328929\n",
      "logL: -889.133896975\n",
      "logL: -890.713545548\n",
      "logL: -892.712803328\n",
      "logL: -896.905729384\n",
      "logL: -901.896838208\n",
      "logL: -914.313187721\n",
      "logL: -926.102138104\n",
      "logL: -937.081700417\n",
      "logL: -942.236185066\n",
      "logL: -954.497673111\n",
      "logL: -959.3732375\n",
      "logL: -964.003731225\n",
      "logL: -970.602149955\n",
      "logL: -980.477809518\n",
      "logL: -985.623093761\n",
      "logL: -990.124612279\n",
      "logL: -995.508163378\n",
      "logL: -996.950326308\n",
      "logL: -1003.87624113\n",
      "logL: -1013.63604301\n",
      "logL: -1019.20009455\n",
      "logL: -1028.26183179\n",
      "logL: -1030.5804184\n",
      "logL: -1039.3252405\n",
      "logL: -1054.59734943\n",
      "logL: -1071.7958199\n",
      "logL: -1074.32264489\n",
      "logL: -1081.59966018\n",
      "logL: -1086.94994709\n",
      "logL: -1103.10542076\n",
      "logL: -1112.47797395\n",
      "logL: -1114.82597772\n",
      "logL: -1116.84979759\n",
      "logL: -1121.62451609\n",
      "logL: -1134.39762115\n",
      "logL: -1143.43162005\n",
      "logL: -1147.83314476\n",
      "logL: -1153.26187375\n",
      "logL: -1156.04227895\n",
      "logL: -1160.93072861\n",
      "logL: -1162.80380194\n",
      "logL: -1165.85616115\n",
      "logL: -1175.43727243\n",
      "logL: -1197.25521639\n",
      "logL: -1203.15380843\n",
      "logL: -1213.03398583\n",
      "logL: -1224.32701958\n",
      "logL: -1226.93838085\n",
      "logL: -1229.11920226\n",
      "logL: -1230.63114797\n",
      "logL: -1248.40455559\n",
      "logL: -1251.35570497\n",
      "logL: -1254.33247086\n",
      "logL: -1260.11669258\n",
      "logL: -1265.3898337\n",
      "logL: -1274.75738819\n",
      "logL: -1285.64013042\n",
      "logL: -1295.24839652\n",
      "logL: -1307.56905615\n",
      "logL: -1315.93891464\n",
      "logL: -1323.37907669\n",
      "logL: -1335.71286673\n",
      "logL: -1341.89155267\n",
      "logL: -1345.67232567\n",
      "logL: -1348.49348333\n",
      "logL: -1353.33873719\n",
      "logL: -1359.92907955\n",
      "logL: -1361.4799995\n",
      "logL: -1363.60819921\n",
      "logL: -1374.36141736\n",
      "logL: -1381.03261775\n",
      "logL: -1396.76848416\n",
      "logL: -1402.13499748\n",
      "logL: -1410.34385813\n",
      "logL: -1422.17502616\n",
      "logL: -1424.04548184\n",
      "logL: -1428.53290388\n",
      "logL: -1431.93824239\n",
      "logL: -1437.84722484\n",
      "logL: -1440.23683612\n",
      "logL: -1442.71498411\n",
      "logL: -1449.56404627\n",
      "logL: -1453.35350851\n",
      "logL: -1471.63801687\n",
      "logL: -1481.20858897\n",
      "logL: -1489.4509891\n",
      "logL: -1494.85826218\n",
      "logL: -1506.56317106\n",
      "logL: -1509.27579303\n",
      "logL: -1518.92960682\n",
      "logL: -1529.43264379\n",
      "logL: -1532.15619622\n",
      "logL: -1540.08271435\n",
      "logL: -1541.57551884\n",
      "logL: -1546.69365263\n",
      "logL: -1549.21711101\n",
      "logL: -1556.85128501\n",
      "logL: -1569.73627113\n",
      "logL: -1571.98688527\n",
      "logL: -1575.75518154\n",
      "logL: -1579.15664104\n",
      "logL: -1585.05015919\n",
      "logL: -1598.62730274\n",
      "logL: -1605.68477112\n",
      "logL: -1619.7758159\n",
      "logL: -1624.95654574\n",
      "logL: -1629.2147284\n",
      "logL: -1635.5204045\n",
      "logL: -1641.26340801\n",
      "logL: -1651.77627418\n",
      "logL: -1654.78852651\n",
      "logL: -1656.29716412\n",
      "logL: -1669.55102403\n",
      "logL: -1672.83513368\n",
      "logL: -1677.60271844\n",
      "logL: -1686.61584662\n",
      "logL: -1692.43707927\n",
      "logL: -1695.6599756\n",
      "logL: -1709.93979797\n",
      "logL: -1721.18542657\n",
      "logL: -1738.20256077\n",
      "logL: -1742.16466249\n",
      "logL: -1746.45235306\n",
      "logL: -1750.88127852\n",
      "logL: -1767.24414452\n",
      "logL: -1779.43449611\n",
      "logL: -1783.97597576\n",
      "logL: -1791.88208766\n",
      "logL: -1801.28759303\n",
      "logL: -1804.7197887\n",
      "logL: -1815.15022046\n",
      "logL: -1830.41060386\n",
      "logL: -1831.89035183\n",
      "logL: -1841.27748041\n",
      "logL: -1856.194889\n",
      "logL: -1870.47352054\n",
      "logL: -1890.86709259\n",
      "logL: -1896.20794775\n",
      "logL: -1898.39919275\n",
      "logL: -1911.35713869\n",
      "logL: -1920.97847878\n",
      "logL: -1926.12758787\n",
      "logL: -1934.6754022\n",
      "logL: -1936.99117412\n",
      "logL: -1946.62781706\n",
      "logL: -1951.06663442\n",
      "logL: -1958.02808949\n",
      "logL: -1967.37523273\n",
      "logL: -1972.538356\n",
      "logL: -1976.40008312\n",
      "logL: -1978.59112846\n"
     ]
    },
    {
     "name": "stdout",
     "output_type": "stream",
     "text": [
      "-1978.59112846\n",
      "[[  3.26179057e-12   9.96847612e-01   3.15238759e-03]\n",
      " [  6.60838439e-01   3.23248282e-01   1.59132787e-02]\n",
      " [  2.87605346e-08   9.97834033e-01   2.16593808e-03]\n",
      " [  1.35915105e-14   9.95814720e-01   4.18528015e-03]\n",
      " [  8.06022865e-01   1.74656717e-01   1.93204177e-02]\n",
      " [  1.66930184e-01   8.22951738e-01   1.01180777e-02]\n",
      " [  6.60972298e-01   2.98580051e-01   4.04476512e-02]\n",
      " [  7.79890513e-01   2.10547393e-01   9.56209399e-03]\n",
      " [  2.26731503e-02   4.05452217e-02   9.36781628e-01]\n",
      " [  3.78727689e-02   1.45289532e-01   8.16837699e-01]\n",
      " [  7.35507373e-01   2.58024704e-01   6.46792295e-03]\n",
      " [  2.72110662e-03   9.94411201e-01   2.86769271e-03]\n",
      " [  6.22371493e-01   3.60086451e-01   1.75420565e-02]\n",
      " [  6.58188601e-01   3.22034969e-01   1.97764306e-02]\n",
      " [  2.65982891e-11   9.97017584e-01   2.98241581e-03]\n",
      " [  4.01117090e-01   5.92607474e-01   6.27543641e-03]\n",
      " [  2.03539579e-07   9.97988847e-01   2.01094978e-03]\n",
      " [  1.15009019e-02   9.03893187e-01   8.46059115e-02]\n",
      " [  6.26921478e-01   3.57565303e-01   1.55132195e-02]\n",
      " [  7.44449216e-01   2.46301435e-01   9.24934857e-03]\n",
      " [  6.92154851e-01   2.99773293e-01   8.07185593e-03]\n",
      " [  5.62921566e-01   4.20646464e-01   1.64319698e-02]\n",
      " [  1.56989711e-02   9.79475614e-01   4.82541542e-03]\n",
      " [  4.63014960e-01   4.96268743e-01   4.07162969e-02]\n",
      " [  6.10833166e-01   2.16038453e-01   1.73128380e-01]\n",
      " [  6.22110975e-01   3.67647041e-01   1.02419840e-02]\n",
      " [  1.13559804e-12   9.97809050e-01   2.19094972e-03]\n",
      " [  3.83542275e-01   5.45438034e-01   7.10196918e-02]\n",
      " [  6.59018166e-01   3.30525666e-01   1.04561676e-02]\n",
      " [  7.85907489e-01   2.03695591e-01   1.03969203e-02]\n",
      " [  5.19928697e-04   9.96848231e-01   2.63184008e-03]\n",
      " [  8.04738444e-01   1.82496323e-01   1.27652328e-02]\n",
      " [  8.04414390e-01   1.79213250e-01   1.63723596e-02]\n",
      " [  5.80773606e-01   3.87604519e-01   3.16218744e-02]\n",
      " [  1.58435460e-12   9.97104852e-01   2.89514833e-03]\n",
      " [  3.43180787e-10   9.95176118e-01   4.82388139e-03]\n",
      " [  4.39047876e-03   9.92444724e-01   3.16479748e-03]\n",
      " [  6.52509260e-01   2.71772877e-01   7.57178629e-02]\n",
      " [  2.04385639e-02   9.71574977e-01   7.98645959e-03]\n",
      " [  5.82792231e-01   3.97300776e-01   1.99069924e-02]\n",
      " [  4.92337432e-01   5.01500500e-01   6.16206783e-03]\n",
      " [  7.67830176e-01   2.23829609e-01   8.34021473e-03]\n",
      " [  6.36529626e-01   3.08458028e-01   5.50123459e-02]\n",
      " [  2.57763518e-02   8.24993138e-01   1.49230510e-01]\n",
      " [  5.07981971e-05   9.96459005e-01   3.49019667e-03]\n",
      " [  3.24842758e-01   6.70898550e-01   4.25869122e-03]\n",
      " [  4.19943977e-12   9.95572082e-01   4.42791800e-03]\n",
      " [  8.24382797e-01   1.48685273e-01   2.69319301e-02]\n",
      " [  9.01265642e-09   9.97077682e-01   2.92230930e-03]\n",
      " [  5.14393746e-01   4.80914109e-01   4.69214531e-03]\n",
      " [  8.16552304e-01   1.65979530e-01   1.74681662e-02]\n",
      " [  3.48784419e-02   9.61305486e-01   3.81607221e-03]\n",
      " [  8.45628203e-01   8.95100208e-02   6.48617762e-02]\n",
      " [  2.54559409e-03   6.67619364e-01   3.29835042e-01]\n",
      " [  6.53649210e-01   2.78460262e-01   6.78905283e-02]\n",
      " [  5.77658170e-01   2.10898005e-01   2.11443825e-01]\n",
      " [  1.00673965e-01   3.65007914e-01   5.34318121e-01]\n",
      " [  4.35801352e-01   2.93133502e-01   2.71065146e-01]\n",
      " [  7.86511736e-01   2.00609553e-01   1.28787110e-02]\n",
      " [  3.04695978e-01   6.65268481e-01   3.00355409e-02]\n",
      " [  6.51207934e-01   3.17948554e-01   3.08435124e-02]\n",
      " [  4.80497728e-05   9.97263321e-01   2.68862967e-03]\n",
      " [  4.31763747e-10   9.84693072e-01   1.53069271e-02]\n",
      " [  8.66772912e-02   6.81290183e-01   2.32032526e-01]\n",
      " [  4.70722121e-02   9.39580858e-01   1.33469298e-02]\n",
      " [  5.22874390e-01   4.72308857e-01   4.81675310e-03]\n",
      " [  2.90802082e-07   9.98166722e-01   1.83298732e-03]\n",
      " [  2.85456060e-01   6.31382162e-01   8.31617789e-02]\n",
      " [  1.18938990e-01   8.77128708e-01   3.93230216e-03]\n",
      " [  1.44365781e-01   8.49585225e-01   6.04899404e-03]\n",
      " [  6.19535795e-01   3.49658744e-01   3.08054608e-02]\n",
      " [  7.84348948e-01   2.05510855e-01   1.01401965e-02]\n",
      " [  2.83322443e-01   7.09236759e-01   7.44079777e-03]\n",
      " [  2.91386433e-05   9.97926734e-01   2.04412742e-03]\n",
      " [  1.41550104e-01   8.51277038e-01   7.17285795e-03]\n",
      " [  3.92448720e-05   9.97887548e-01   2.07320688e-03]\n",
      " [  3.14389697e-01   1.40061544e-02   6.71604148e-01]\n",
      " [  6.28197521e-01   2.94661346e-01   7.71411339e-02]\n",
      " [  3.34728794e-01   6.31534283e-01   3.37369227e-02]\n",
      " [  6.58231970e-01   3.30979802e-01   1.07882283e-02]\n",
      " [  1.76645088e-04   9.95714373e-01   4.10898225e-03]\n",
      " [  4.27825434e-02   3.49877875e-02   9.22229669e-01]\n",
      " [  7.34322192e-02   8.41128256e-01   8.54395252e-02]\n",
      " [  4.57410142e-06   9.95842752e-01   4.15267381e-03]\n",
      " [  1.30211675e-03   9.96269740e-01   2.42814331e-03]\n",
      " [  6.01853322e-01   3.91856163e-01   6.29051533e-03]\n",
      " [  4.95936942e-01   4.99319762e-01   4.74329572e-03]\n",
      " [  1.35452896e-07   9.97650577e-01   2.34928797e-03]\n",
      " [  5.71400056e-01   4.24227405e-01   4.37253877e-03]\n",
      " [  3.47918692e-02   8.64498375e-01   1.00709756e-01]\n",
      " [  2.16058712e-11   9.97989426e-01   2.01057372e-03]\n",
      " [  6.40878800e-01   2.52137122e-01   1.06984078e-01]\n",
      " [  2.95944900e-08   9.98156353e-01   1.84361790e-03]\n",
      " [  5.71992014e-01   4.23594276e-01   4.41371015e-03]\n",
      " [  6.94460422e-04   5.66386919e-03   9.93641670e-01]\n",
      " [  1.56275547e-08   9.97667526e-01   2.33245811e-03]\n",
      " [  1.09272814e-01   8.86481904e-01   4.24528258e-03]\n",
      " [  5.91357752e-01   7.22142016e-02   3.36428047e-01]\n",
      " [  5.87402513e-01   3.88297728e-01   2.42997592e-02]\n",
      " [  5.49499043e-01   4.44557076e-01   5.94388132e-03]\n",
      " [  2.37975974e-10   9.90602284e-01   9.39771528e-03]\n",
      " [  4.97524961e-11   9.94185177e-01   5.81482321e-03]\n",
      " [  4.34688316e-08   9.97292130e-01   2.70782663e-03]\n",
      " [  2.11206927e-10   9.97854595e-01   2.14540479e-03]\n",
      " [  1.41395817e-01   8.47864568e-01   1.07396147e-02]\n",
      " [  1.55661531e-01   8.40002340e-01   4.33612881e-03]\n",
      " [  6.26003656e-01   2.78126513e-01   9.58698309e-02]\n",
      " [  3.34406770e-12   9.97945922e-01   2.05407829e-03]\n",
      " [  7.84488091e-15   9.88867092e-01   1.11329077e-02]\n",
      " [  1.94086677e-01   7.21935555e-01   8.39777672e-02]\n",
      " [  2.76446730e-01   7.17024902e-01   6.52836850e-03]\n",
      " [  2.89103850e-11   9.94084263e-01   5.91573678e-03]\n",
      " [  1.18507313e-06   9.98183552e-01   1.81526314e-03]\n",
      " [  5.34480993e-01   1.66948526e-01   2.98570481e-01]\n",
      " [  7.24188546e-01   2.68837771e-01   6.97368260e-03]\n",
      " [  1.72940955e-07   9.98222035e-01   1.77779206e-03]\n",
      " [  6.58629821e-01   3.29617180e-01   1.17529983e-02]\n",
      " [  5.11714886e-01   3.51961907e-01   1.36323207e-01]\n",
      " [  9.13812026e-12   9.97999135e-01   2.00086455e-03]\n",
      " [  5.64541245e-01   4.17787549e-01   1.76712062e-02]\n",
      " [  6.40877348e-01   3.42004310e-01   1.71183413e-02]\n",
      " [  6.61398382e-01   3.33876325e-01   4.72529253e-03]\n",
      " [  7.13128500e-01   2.78690723e-01   8.18077679e-03]\n",
      " [  8.34037229e-01   1.42606147e-01   2.33566244e-02]\n",
      " [  1.18065597e-10   9.98069990e-01   1.93000979e-03]\n",
      " [  6.46414139e-01   3.46361745e-01   7.22411654e-03]\n",
      " [  6.57288509e-01   3.08309776e-01   3.44017151e-02]\n",
      " [  2.43052824e-01   6.96085738e-01   6.08614375e-02]\n",
      " [  2.58770788e-01   7.36836769e-01   4.39244252e-03]\n",
      " [  1.13148764e-09   9.95442929e-01   4.55706965e-03]\n",
      " [  5.63424363e-09   9.96841660e-01   3.15833467e-03]\n",
      " [  4.00892217e-08   9.97314042e-01   2.68591759e-03]\n",
      " [  2.07978189e-01   6.28550624e-01   1.63471187e-01]\n",
      " [  9.48831772e-05   9.95968501e-01   3.93661540e-03]\n",
      " [  7.20870477e-01   2.72685527e-01   6.44399560e-03]\n",
      " [  2.92831710e-01   5.79907895e-01   1.27260395e-01]\n",
      " [  1.23279723e-01   8.71858026e-01   4.86225087e-03]\n",
      " [  3.96954494e-07   9.97237184e-01   2.76241879e-03]\n",
      " [  4.39066618e-01   5.55935118e-01   4.99826418e-03]\n",
      " [  1.82409821e-01   7.51519214e-01   6.60709651e-02]\n",
      " [  4.31622961e-02   9.53367989e-01   3.46971535e-03]\n",
      " [  6.60504975e-01   3.29571344e-01   9.92368104e-03]\n",
      " [  2.95627161e-01   6.97740893e-01   6.63194638e-03]\n",
      " [  3.12191674e-02   9.61363338e-01   7.41749449e-03]\n",
      " [  8.50850383e-03   5.38918837e-01   4.52572659e-01]\n",
      " [  8.13484071e-01   1.63780107e-01   2.27358225e-02]\n",
      " [  6.31445336e-01   3.63817338e-01   4.73732578e-03]\n",
      " [  4.77571723e-01   5.09385781e-01   1.30424962e-02]\n",
      " [  2.97288621e-12   9.95892446e-01   4.10755374e-03]\n",
      " [  1.41361606e-11   9.97943407e-01   2.05659319e-03]\n",
      " [  4.11908307e-01   5.76535432e-01   1.15562611e-02]\n",
      " [  7.17194487e-05   9.94324285e-01   5.60399526e-03]\n",
      " [  2.71690009e-01   7.23649603e-01   4.66038803e-03]\n",
      " [  1.14970312e-11   9.98005989e-01   1.99401121e-03]\n",
      " [  3.73672669e-04   5.96374045e-02   9.39988923e-01]\n",
      " [  4.31739386e-01   5.18708925e-01   4.95516890e-02]\n",
      " [  5.02159650e-01   4.47808057e-01   5.00322930e-02]\n",
      " [  7.32006404e-01   2.47958776e-01   2.00348207e-02]\n",
      " [  3.42074202e-07   9.97983086e-01   2.01657143e-03]\n",
      " [  6.19652288e-01   1.87361457e-01   1.92986255e-01]\n",
      " [  4.14915575e-01   5.80668592e-01   4.41583287e-03]\n",
      " [  7.75919068e-01   2.15015833e-01   9.06509847e-03]\n",
      " [  5.08123333e-01   4.87453864e-01   4.42280278e-03]\n",
      " [  2.16081142e-01   6.60049316e-01   1.23869541e-01]\n",
      " [  5.42184211e-01   4.20590980e-01   3.72248083e-02]\n",
      " [  3.27508081e-01   6.03259523e-01   6.92323960e-02]\n",
      " [  8.39131858e-01   9.93653823e-02   6.15027595e-02]\n",
      " [  1.56974177e-16   9.97066121e-01   2.93387856e-03]\n",
      " [  4.61206595e-01   5.32875094e-01   5.91831107e-03]\n",
      " [  4.67209887e-07   9.87003400e-01   1.29961325e-02]\n",
      " [  2.59394193e-06   9.98048927e-01   1.94847930e-03]\n",
      " [  4.75720850e-01   5.02727739e-01   2.15514102e-02]\n",
      " [  4.72413036e-01   4.85064234e-01   4.25227295e-02]\n",
      " [  6.36783457e-01   3.46557370e-01   1.66591737e-02]\n",
      " [  3.19268103e-14   9.96725273e-01   3.27472658e-03]\n",
      " [  2.11932176e-01   6.54441050e-01   1.33626774e-01]\n",
      " [  6.26030802e-01   2.33480027e-01   1.40489171e-01]\n",
      " [  1.77135657e-01   5.17838420e-01   3.05025923e-01]\n",
      " [  7.86812354e-01   2.01895091e-01   1.12925549e-02]\n",
      " [  7.85814664e-07   9.95372509e-01   4.62670534e-03]\n",
      " [  8.84139491e-08   9.97805905e-01   2.19400670e-03]\n",
      " [  5.45441644e-07   9.96658176e-01   3.34127858e-03]\n",
      " [  2.31413384e-09   9.97236480e-01   2.76351787e-03]\n",
      " [  1.01920110e-05   9.97171463e-01   2.81834506e-03]\n",
      " [  1.30060271e-01   8.63980225e-01   5.95950337e-03]\n",
      " [  1.29157633e-08   9.98129836e-01   1.87015086e-03]\n",
      " [  3.30961877e-01   6.63303923e-01   5.73419967e-03]\n",
      " [  3.19728992e-01   6.29227977e-01   5.10430316e-02]\n",
      " [  5.76950316e-01   3.73457138e-01   4.95925465e-02]\n",
      " [  1.29583377e-02   9.81196857e-01   5.84480557e-03]\n",
      " [  5.82857392e-01   4.09461090e-01   7.68151818e-03]\n",
      " [  6.27745712e-01   3.54130947e-01   1.81233412e-02]\n",
      " [  5.45630579e-01   4.39277464e-01   1.50919569e-02]\n",
      " [  5.86408012e-08   9.97168704e-01   2.83123687e-03]\n",
      " [  9.02957061e-02   3.02046585e-01   6.07657709e-01]\n",
      " [  9.48961346e-13   9.89077308e-01   1.09226915e-02]\n",
      " [  7.89290418e-01   1.98029419e-01   1.26801629e-02]\n",
      " [  8.23261491e-01   1.31182781e-01   4.55557275e-02]\n",
      " [  4.03796768e-08   9.98150650e-01   1.84930990e-03]\n",
      " [  5.64849293e-01   4.27171411e-01   7.97929542e-03]\n",
      " [  7.65094676e-01   2.25935685e-01   8.96963931e-03]\n",
      " [  2.94653278e-01   7.00787876e-01   4.55884624e-03]\n",
      " [  7.70287055e-02   7.49429787e-01   1.73541508e-01]\n",
      " [  4.34545152e-01   5.56220706e-01   9.23414155e-03]\n",
      " [  6.19030779e-01   3.76404595e-01   4.56462628e-03]\n",
      " [  6.91535969e-01   2.99204996e-01   9.25903442e-03]\n",
      " [  3.19901858e-01   6.28457388e-01   5.16407535e-02]\n",
      " [  4.52850805e-06   9.85448130e-01   1.45473410e-02]\n",
      " [  5.16428874e-07   9.95788717e-01   4.21076650e-03]\n",
      " [  2.88575609e-05   9.97693239e-01   2.27790393e-03]\n",
      " [  6.11300412e-01   3.82743617e-01   5.95597058e-03]\n",
      " [  8.44451466e-01   8.49959348e-02   7.05525991e-02]\n",
      " [  5.72270510e-01   4.23354033e-01   4.37545719e-03]\n",
      " [  3.56862692e-01   6.27538342e-01   1.55989664e-02]\n",
      " [  8.02928972e-08   9.96652989e-01   3.34693022e-03]\n",
      " [  4.27411771e-01   5.26886580e-01   4.57016494e-02]\n",
      " [  7.35230388e-01   1.82035582e-01   8.27340303e-02]\n",
      " [  6.47010193e-01   3.41966501e-01   1.10233062e-02]\n",
      " [  2.90161325e-01   8.84604779e-02   6.21378197e-01]\n",
      " [  7.01936837e-01   2.91654421e-01   6.40874253e-03]\n",
      " [  4.42270406e-01   5.48612050e-01   9.11754407e-03]\n",
      " [  6.16379946e-10   9.96987129e-01   3.01287050e-03]\n",
      " [  6.86721123e-01   3.04902248e-01   8.37662822e-03]\n",
      " [  4.81383110e-01   5.14357245e-01   4.25964505e-03]\n",
      " [  3.84112291e-01   5.74370316e-01   4.15173924e-02]\n",
      " [  2.35496992e-02   9.73231893e-01   3.21840759e-03]\n",
      " [  2.90162103e-10   9.97655296e-01   2.34470331e-03]\n",
      " [  8.19396534e-01   1.54581628e-01   2.60218379e-02]\n",
      " [  1.00662825e-10   9.97619079e-01   2.38092065e-03]\n",
      " [  7.60311632e-01   2.31748096e-01   7.94027132e-03]\n",
      " [  7.54134762e-01   2.34685009e-01   1.11802292e-02]\n",
      " [  8.00619048e-01   1.77007276e-01   2.23736755e-02]\n",
      " [  3.03887330e-02   9.66293151e-01   3.31811619e-03]\n",
      " [  7.33838708e-01   2.36761525e-01   2.93997671e-02]\n",
      " [  6.32575062e-01   2.36351090e-01   1.31073848e-01]\n",
      " [  6.37039568e-01   3.46167659e-01   1.67927728e-02]\n",
      " [  1.26185236e-08   9.98218319e-01   1.78166819e-03]\n",
      " [  5.10511037e-01   4.85263837e-01   4.22512541e-03]\n",
      " [  7.69658715e-01   2.21579225e-01   8.76206014e-03]\n",
      " [  2.17145408e-06   9.96934957e-01   3.06287185e-03]\n",
      " [  8.69225682e-02   9.09119073e-01   3.95835887e-03]\n",
      " [  3.24702686e-01   6.50847482e-01   2.44498317e-02]\n",
      " [  4.24899028e-11   9.97209071e-01   2.79092872e-03]\n",
      " [  2.78089314e-08   9.97527614e-01   2.47235834e-03]\n",
      " [  6.46277261e-14   9.94818419e-01   5.18158100e-03]\n",
      " [  5.03215201e-01   1.50926194e-01   3.45858604e-01]\n",
      " [  7.38739918e-01   2.54707677e-01   6.55240535e-03]\n",
      " [  7.61990945e-01   2.29596678e-01   8.41237787e-03]\n",
      " [  3.06319437e-12   9.97837319e-01   2.16268105e-03]\n",
      " [  6.00455770e-01   3.53891500e-01   4.56527295e-02]\n",
      " [  2.45758994e-02   9.67072685e-01   8.35141586e-03]\n",
      " [  7.99720223e-01   1.84429847e-01   1.58499300e-02]\n",
      " [  7.46558665e-01   1.28497693e-01   1.24943642e-01]\n",
      " [  6.11025260e-01   3.84551197e-01   4.42354264e-03]\n",
      " [  5.13978824e-06   9.98106842e-01   1.88801850e-03]\n",
      " [  3.96448409e-12   9.81825018e-01   1.81749823e-02]\n",
      " [  6.58025774e-01   3.25663275e-01   1.63109512e-02]\n",
      " [  7.85979055e-01   1.91298805e-01   2.27221403e-02]\n",
      " [  2.37707457e-10   9.98143917e-01   1.85608296e-03]\n",
      " [  9.07994912e-06   9.95466722e-01   4.52419824e-03]\n",
      " [  7.84635302e-17   9.95015744e-01   4.98425556e-03]\n",
      " [  2.57377506e-01   7.38019659e-01   4.60283504e-03]\n",
      " [  5.52309893e-01   4.29852848e-01   1.78372589e-02]\n",
      " [  1.05000316e-08   9.98218729e-01   1.78126057e-03]\n",
      " [  7.92488230e-01   1.82679217e-01   2.48325530e-02]\n",
      " [  7.18018403e-01   2.75299321e-01   6.68227659e-03]\n",
      " [  2.66718610e-01   7.23251761e-01   1.00296295e-02]\n",
      " [  6.30764140e-01   3.31256757e-01   3.79791034e-02]\n",
      " [  2.47100740e-05   9.97998579e-01   1.97671071e-03]\n",
      " [  5.62396437e-02   9.23784399e-01   1.99759577e-02]\n",
      " [  4.67455418e-01   5.24813840e-01   7.73074212e-03]\n",
      " [  1.50655258e-06   9.97466513e-01   2.53198019e-03]\n",
      " [  2.72340184e-01   7.23126415e-01   4.53340114e-03]\n",
      " [  1.59842909e-01   8.15969475e-01   2.41876164e-02]\n",
      " [  4.58893055e-01   4.73518623e-01   6.75883220e-02]]\n",
      "logL: -5.11680251953\n",
      "logL: -9.28174074331\n",
      "logL: -13.8120565114\n",
      "logL: -19.3408893797\n",
      "logL: -23.2342004763\n",
      "logL: -27.3372410466\n",
      "logL: -31.2177024585\n",
      "logL: -34.6355804229\n",
      "logL: -41.2605750786\n",
      "logL: -47.7056456207\n",
      "logL: -50.8799643262\n",
      "logL: -55.3545941066\n",
      "logL: -59.1105757007\n",
      "logL: -62.6852367232\n",
      "logL: -67.6602449364\n",
      "logL: -71.1282694616\n",
      "logL: -75.9869140848\n",
      "logL: -81.472706839\n",
      "logL: -85.1784779206\n",
      "logL: -88.5711723357\n",
      "logL: -91.8643010324\n",
      "logL: -95.4342818094\n",
      "logL: -99.6159036756\n",
      "logL: -104.296579061\n",
      "logL: -108.854882382\n",
      "logL: -112.126970511\n",
      "logL: -117.645638254\n",
      "logL: -122.21098175\n",
      "logL: -125.630362803\n",
      "logL: -129.071130632\n",
      "logL: -133.225943465\n",
      "logL: -136.783476626\n",
      "logL: -140.491802261\n",
      "logL: -144.32845418\n",
      "logL: -149.482821559\n",
      "logL: -154.443361443\n",
      "logL: -158.575843755\n",
      "logL: -162.766323625\n",
      "logL: -168.06758777\n",
      "logL: -171.68991031\n",
      "logL: -175.434413011\n",
      "logL: -178.760982811\n",
      "logL: -182.919711672\n",
      "logL: -188.603759752\n",
      "logL: -192.887734736\n",
      "logL: -196.458942256\n",
      "logL: -201.640039285\n",
      "logL: -205.633014022\n",
      "logL: -210.267587816\n",
      "logL: -213.688545529\n",
      "logL: -217.463472097\n",
      "logL: -221.554820244\n",
      "logL: -225.992379613\n",
      "logL: -232.291352206\n",
      "logL: -236.439181315\n",
      "logL: -241.215911479\n",
      "logL: -247.231097099\n",
      "logL: -252.670400356\n",
      "logL: -256.246142528\n",
      "logL: -260.563017291\n",
      "logL: -264.289865125\n",
      "logL: -268.511321709\n",
      "logL: -273.937469801\n",
      "logL: -279.632595987\n",
      "logL: -285.241682628\n",
      "logL: -288.415958402\n",
      "logL: -292.879775341\n",
      "logL: -298.360513126\n",
      "logL: -302.346898606\n",
      "logL: -306.867278699\n",
      "logL: -310.848645847\n",
      "logL: -314.275942064\n",
      "logL: -318.639626955\n",
      "logL: -323.113805613\n",
      "logL: -327.80841963\n",
      "logL: -332.277627836\n",
      "logL: -338.63664195\n",
      "logL: -342.795787474\n",
      "logL: -348.293262022\n",
      "logL: -351.773999561\n",
      "logL: -356.06426477\n",
      "logL: -362.498171498\n",
      "logL: -367.772936329\n",
      "logL: -372.214429674\n",
      "logL: -376.435614958\n",
      "logL: -379.969998289\n",
      "logL: -383.191393058\n",
      "logL: -388.29044986\n",
      "logL: -391.494785259\n",
      "logL: -396.958315122\n",
      "logL: -401.997902883\n",
      "logL: -406.298812123\n",
      "logL: -410.871616865\n",
      "logL: -414.090498264\n",
      "logL: -421.29841248\n",
      "logL: -425.864972398\n",
      "logL: -430.094966664\n",
      "logL: -435.921813176\n",
      "logL: -439.62687291\n",
      "logL: -442.805681924\n",
      "logL: -448.045323721\n",
      "logL: -453.17671369\n",
      "logL: -457.711639598\n",
      "logL: -462.540819243\n",
      "logL: -467.605073319\n",
      "logL: -471.479209749\n",
      "logL: -475.895988022\n",
      "logL: -481.119062415\n",
      "logL: -486.985803955\n",
      "logL: -491.987385624\n",
      "logL: -496.244645642\n",
      "logL: -501.411909292\n",
      "logL: -505.87217617\n",
      "logL: -510.747896262\n",
      "logL: -514.075036715\n",
      "logL: -518.637519577\n",
      "logL: -521.980230157\n",
      "logL: -526.961947024\n",
      "logL: -532.219989893\n",
      "logL: -535.819837609\n",
      "logL: -539.460529794\n",
